GEOID	ALAND_SQMI	AWATER_SQMI	INTPTLAT	INTPTLONG
200	0.605	0.023	43.163894	-77.6261279
700	0.222	0	43.1733854	-77.6085802
1000	0.533	0	43.1555592	-77.5824927
1300	0.155	0	43.169763	-77.6070148
1500	0.164	0	43.1719705	-77.5968846
1800	1.818	0	43.1962429	-77.6528216
1900	0.69	0.042	43.1992754	-77.6313006
2000	0.538	0.035	43.1904633	-77.6351611
2100	0.406	0	43.1861951	-77.640144
2200	0.222	0	43.181453	-77.639644
2300	0.438	0.032	43.175525	-77.633088
2400	0.369	0	43.1727454	-77.6420355
2700	0.153	0	43.1485138	-77.6263126
2900	0.311	0	43.150366	-77.5892576
3000	0.17	0	43.1445319	-77.5945525
3100	0.385	0	43.1465154	-77.5817158
3200	0.229	0.037	43.146195	-77.607577
3300	0.142	0	43.1408445	-77.5996814
3400	0.269	0.001	43.1392979	-77.6079993
3500	0.249	0.007	43.1336109	-77.6028297
3600	0.284	0	43.1366529	-77.5947119
3700	0.341	0	43.1385173	-77.5829891
3802	0.154	0	43.1286611	-77.6291471
3805	2.638	0.162	43.1202701	-77.6271462
3900	0.193	0.01	43.178914	-77.6234066
4000	0.137	0	43.1668136	-77.6441633
4100	0.145	0	43.1627531	-77.6346498
4602	0.235	0.019	43.1873152	-77.6204559
4701	0.739	0.128	43.2109066	-77.6194923
4702	0.332	0	43.1885036	-77.6085096
4800	0.173	0	43.1844173	-77.6062675
4900	0.151	0	43.1807362	-77.6037832
5000	0.156	0	43.1770269	-77.6180785
5100	0.166	0	43.1817962	-77.6149762
5200	0.173	0	43.1768684	-77.6064801
5300	0.187	0	43.1735905	-77.5863224
5400	0.335	0	43.173527	-77.5680322
5500	0.264	0	43.1687685	-77.5891215
5600	0.266	0	43.167656	-77.5814998
5700	0.152	0	43.1648975	-77.5759951
5800	0.316	0	43.1669499	-77.5669911
5900	0.354	0	43.1595176	-77.5744583
6000	0.353	0	43.1638639	-77.5581577
6100	0.536	0	43.1622464	-77.5417303
6200	0.274	0	43.141654	-77.6535833
6300	0.278	0	43.1445622	-77.6421952
6400	0.253	0	43.1430277	-77.6304588
6500	0.175	0.008	43.1430398	-77.6216547
6600	0.165	0	43.1375363	-77.6307939
6700	0.289	0	43.1384602	-77.6421268
6800	0.395	0.005	43.1333836	-77.6561905
6900	0.236	0.024	43.1328155	-77.6335883
7000	0.386	0.018	43.1287398	-77.6386883
7100	0.277	0	43.1297641	-77.6467186
7500	0.346	0	43.14934	-77.6474136
7600	0.503	0	43.1564764	-77.5549224
7700	0.552	0	43.1507219	-77.5532117
7801	0.365	0	43.14735	-77.5657718
7802	0.802	0.034	43.1402401	-77.5616534
7900	0.197	0	43.1845481	-77.5969076
8000	0.188	0	43.178145	-77.5926286
8100	0.588	0	43.1894517	-77.5909137
8200	0.274	0	43.1845395	-77.5791469
8301	0.635	0	43.1817958	-77.5670604
8400	0.244	0	43.178482	-77.582072
8500	0.869	0.202	43.2538938	-77.6145949
8600	1.733	0.182	43.2234832	-77.6249452
8701	1.393	0.005	43.1673566	-77.6721294
8702	0.981	0.004	43.1505481	-77.6617317
8800	0.828	0.001	43.174607	-77.664093
9200	0.379	0.022	43.1678072	-77.6166172
9301	0.417	0	43.1639945	-77.5991018
9302	0.186	0	43.1525729	-77.5982385
9400	0.679	0.038	43.1560576	-77.6065477
9500	0.34	0.013	43.1492564	-77.6152274
9601	0.234	0	43.1520441	-77.6292751
9602	0.298	0	43.1546865	-77.6391009
9603	0.324	0	43.1614522	-77.6442271
9604	0.14	0	43.1580757	-77.6337593
10100	0.955	0.294	43.247385	-77.5925916
10200	1.738	0.003	43.234879	-77.6008874
10300	0.867	0	43.2170249	-77.6071852
10400	0.913	0	43.2034004	-77.6098799
10500	2.421	0.001	43.2173186	-77.5795332
10601	0.874	0.001	43.2048329	-77.5693706
10602	1.194	0	43.2042351	-77.5921204
10700	0.793	0.308	43.2266713	-77.5450738
10800	1.073	0.456	43.2109441	-77.54527
10901	0.641	0	43.1922795	-77.5728426
10902	1.09	0	43.197105	-77.5516421
11000	1.735	0.668	43.1885104	-77.535297
11100	0.85	0.101	43.1738706	-77.5431522
11201	1.962	0.887	43.2199662	-77.5221715
11203	1.221	0.195	43.2382611	-77.5029247
11205	3.346	0.002	43.2221603	-77.4826547
11207	2.351	0.003	43.2061525	-77.4937761
11208	1.901	0.001	43.206606	-77.4571958
11301	9.784	0.308	43.2508125	-77.4079813
11302	5.668	0.272	43.2491774	-77.455567
11400	7.297	0.04	43.2115156	-77.4091677
11501	7.409	0.374	43.1873625	-77.4509341
11503	3.776	0.079	43.1676952	-77.5026833
11504	6.912	0.011	43.1637221	-77.457011
11505	12.626	0.02	43.1430975	-77.4033778
11601	1.87	0.007	43.1241416	-77.4568309
11603	0.83	0.015	43.1280576	-77.5024212
11604	2.145	0.126	43.1406444	-77.5101856
11605	1.647	0	43.1393965	-77.479275
11703	7.493	0.11	43.1028109	-77.4008057
11705	2.938	0.08	43.0675608	-77.4660797
11706	2.022	0.001	43.0618958	-77.4494533
11707	4.315	0.035	43.0763868	-77.4001312
11708	9.806	0.02	43.049921	-77.4199961
11800	1.612	0.036	43.0994653	-77.4430687
11901	2.94	0.014	43.113553	-77.4570188
11902	3.062	0.063	43.0888409	-77.4655933
12000	0.47	0.004	43.1097635	-77.4851672
12100	0.855	0	43.1112925	-77.4906054
12201	3.606	0.005	43.1137509	-77.5239594
12202	2.39	0.018	43.092052	-77.4935182
12301	3.449	0.105	43.0890894	-77.5288463
12304	2.751	0.015	43.0634927	-77.5075766
12305	3.922	0.012	43.0485205	-77.5118176
12306	7.075	0.053	43.0527451	-77.5482627
12401	5.486	0.085	42.9543899	-77.5953329
12402	33.984	0.429	42.9911314	-77.5325184
12500	1.919	0.025	43.1461506	-77.5295356
12600	2.133	0	43.1290039	-77.5400072
12700	0.79	0	43.129031	-77.5611705
12800	0.919	0	43.129872	-77.5840252
12900	1.697	0.002	43.1209036	-77.5819477
13001	6.19	0.149	43.0984595	-77.6253053
13002	1.758	0.016	43.1067086	-77.5687602
13101	4.457	0.02	43.0845044	-77.5831821
13103	2.306	0.077	43.0798676	-77.6788655
13104	4.357	0.007	43.0811966	-77.6335356
13203	2.873	0.01	43.057327	-77.5928456
13204	10.891	0.036	43.0396701	-77.6267326
13205	4.97	0.07	43.0533371	-77.6842487
13206	5.497	0.076	43.0335452	-77.6867472
13300	30.332	0.373	42.9713291	-77.6731429
13401	1.717	0.163	43.2649686	-77.6359915
13402	4.54	3.448	43.2973331	-77.694532
13503	6.364	0.178	43.2933785	-77.7293844
13505	0.94	0	43.2170278	-77.7063916
13506	4.329	0	43.2289273	-77.7280052
13507	2.061	0	43.2520335	-77.7072698
13508	3.886	0	43.2584456	-77.7338493
13601	0.934	0	43.2420711	-77.6529987
13603	3.114	0	43.2618191	-77.6746445
13604	1.784	0	43.2453684	-77.6788132
13701	0.555	0	43.2458294	-77.6300868
13702	1.039	0	43.2490356	-77.6401994
13800	0.88	0	43.2287439	-77.6376411
13901	0.872	0	43.2226336	-77.6507716
13902	0.534	0	43.2099077	-77.6527061
14001	1.928	0	43.2310289	-77.677947
14003	0.99	0	43.2160902	-77.6867451
14004	1.176	0	43.2146208	-77.6682627
14102	1.963	0	43.1994234	-77.6830007
14103	1.658	0	43.2049938	-77.7156576
14104	6.269	0.083	43.1921265	-77.7243233
14202	5.654	0.017	43.1471742	-77.7371012
14203	1.594	0	43.1719709	-77.7170303
14204	1.429	0.001	43.1536877	-77.7244289
14301	1.067	0.026	43.1695315	-77.6909249
14302	1.979	0.012	43.1533735	-77.7043716
14400	3.421	0.019	43.1382879	-77.6884913
14501	2.376	0.023	43.1156192	-77.7605899
14503	1.324	0.002	43.1199795	-77.7352914
14504	2.728	0	43.1150546	-77.7065612
14505	2.27	0	43.1140515	-77.7977835
14601	10.168	0.044	43.0727637	-77.8076578
14602	19.879	0.313	43.0744693	-77.7435876
14700	30.411	0.261	43.0092222	-77.8159281
14802	25.83	0	43.2392389	-77.8043179
14803	10.414	0.96	43.3181032	-77.7850479
14804	5.779	0	43.2881457	-77.785985
14901	3.633	0.08	43.1857382	-77.8104262
14903	20.63	0.12	43.1574111	-77.8489406
14905	4.828	0.006	43.1435351	-77.7686635
14906	7.387	0.051	43.1745725	-77.7905733
15000	34.961	0.266	43.0772852	-77.8725573
15101	20.369	0.492	43.3157886	-77.8755129
15102	23.099	0.63	43.3307103	-77.9528648
15200	33.179	0.005	43.2450596	-77.9324553
15301	1.141	0.012	43.204848	-77.9609087
15303	1.248	0	43.2036061	-77.9387981
15304	1.873	0.056	43.2161824	-77.9306616
15400	29.418	0.084	43.1765843	-77.9255865
980000	2.157	0.026	43.1212258	-77.6686031
980100	1.199	0.27	43.2326176	-77.5682474